timestamp,heart_rate,RR_intervals
1662542410000,103,
1662542418000,99,-4.0
1662542427000,94,-5.0
1662542437000,91,-3.0
1662542442000,94,3.0
1662542457000,97,3.0
1662542462000,94,-3.0
1662542464000,91,-3.0
1662542467000,95,4.0
1662542470000,98,3.0
1662542472000,95,-3.0
1662542474000,90,-5.0
1662542478000,94,4.0
1662542480000,97,3.0
1662542484000,94,-3.0
1662542494000,90,-4.0
1662542495000,90,0.0
1662542499000,94,4.0
1662542508000,89,-5.0
1662542512000,92,3.0
1662542513000,95,3.0
1662542515000,98,3.0
1662542520000,94,-4.0
1662542522000,91,-3.0
1662542524000,95,4.0
1662542527000,98,3.0
1662542533000,94,-4.0
1662542538000,98,4.0
1662542540000,103,5.0
1662542542000,107,4.0
1662542547000,101,-6.0
1662542549000,94,-7.0
1662542550000,91,-3.0
1662542552000,88,-3.0
1662542554000,93,5.0
1662542555000,93,0.0
1662542557000,97,4.0
1662542566000,94,-3.0
1662542570000,97,3.0
1662542575000,100,3.0
1662542578000,94,-6.0
1662542582000,97,3.0
1662542584000,100,3.0
1662542587000,96,-4.0
1662542592000,99,3.0
1662542598000,96,-3.0
1662542600000,93,-3.0
1662542604000,96,3.0
1662542606000,99,3.0
1662542622000,96,-3.0
1662542628000,93,-3.0
1662542640000,96,3.0
1662542643000,99,3.0
1662542645000,98,-1.0
1662542649000,95,-3.0
1662542659000,91,-4.0
1662542662000,94,3.0
1662542664000,97,3.0
1662542668000,92,-5.0
1662542671000,89,-3.0
1662542672000,83,-6.0
1662542673000,83,0.0
1662542677000,86,3.0
1662542678000,93,7.0
1662542679000,93,0.0
1662542680000,90,-3.0
1662542682000,85,-5.0
1662542686000,89,4.0
1662542687000,93,4.0
1662542692000,90,-3.0
1662542696000,96,6.0
1662542697000,100,4.0
1662542698000,100,0.0
1662542707000,97,-3.0
1662542709000,94,-3.0
1662542710000,90,-4.0
1662542712000,86,-4.0
1662542713000,83,-3.0
1662542714000,83,0.0
1662542716000,86,3.0
1662542721000,89,3.0
1662542729000,92,3.0
1662542733000,89,-3.0
1662542737000,92,3.0
1662542738000,95,3.0
1662542744000,89,-6.0
1662542746000,86,-3.0
1662542751000,89,3.0
1662542755000,92,3.0
1662542760000,95,3.0
1662542762000,92,-3.0
1662542775000,89,-3.0
1662542779000,92,3.0
1662542790000,95,3.0
1662542795000,91,-4.0
1662542798000,88,-3.0
1662542826000,91,3.0
1662542832000,94,3.0
1662542834000,97,3.0
1662542842000,94,-3.0
1662542843000,90,-4.0
1662542844000,86,-4.0
1662542845000,82,-4.0
1662542856000,79,-3.0
1662542859000,76,-3.0
1662542883000,73,-3.0
1662542897000,70,-3.0
1662542907000,73,3.0
1662542930000,77,4.0
1662542931000,80,3.0
1662542932000,86,6.0
1662542933000,90,4.0
1662542935000,94,4.0
1662542937000,97,3.0
1662542940000,100,3.0
1662542945000,96,-4.0
1662542947000,92,-4.0
1662542948000,89,-3.0
1662542954000,93,4.0
1662542956000,89,-4.0
1662542958000,82,-7.0
1662542964000,87,5.0
1662542966000,92,5.0
1662542978000,89,-3.0
1662542983000,94,5.0
1662542984000,97,3.0
1662542985000,97,0.0
1662542990000,94,-3.0
1662542996000,97,3.0
1662543001000,94,-3.0
1662543015000,91,-3.0
1662543018000,94,3.0
1662543031000,97,3.0
1662543038000,92,-5.0
1662543042000,95,3.0
1662543044000,99,4.0
1662543049000,95,-4.0
1662543052000,91,-4.0
1662543057000,94,3.0
1662543062000,91,-3.0
1662543066000,95,4.0
1662543068000,99,4.0
1662543069000,102,3.0
1662543071000,105,3.0
1662543078000,101,-4.0
1662543079000,98,-3.0
1662543080000,93,-5.0
1662543081000,86,-7.0
1662543083000,83,-3.0
1662543084000,89,6.0
1662543085000,96,7.0
1662543087000,101,5.0
1662543090000,105,4.0
1662543092000,108,3.0
1662543095000,105,-3.0
1662543096000,101,-4.0
1662543097000,96,-5.0
1662543099000,92,-4.0
1662543101000,89,-3.0
1662543104000,84,-5.0
1662543113000,87,3.0
1662543116000,91,4.0
1662543126000,88,-3.0
1662543132000,91,3.0
1662543133000,94,3.0
1662543138000,88,-6.0
1662543143000,91,3.0
1662543146000,95,4.0
1662543149000,89,-6.0
1662543151000,86,-3.0
1662543153000,81,-5.0
1662543156000,84,3.0
1662543157000,88,4.0
1662543159000,91,3.0
1662543163000,87,-4.0
1662543171000,84,-3.0
1662543173000,80,-4.0
1662543177000,84,4.0
1662543179000,87,3.0
1662543186000,84,-3.0
1662543191000,87,3.0
1662543195000,84,-3.0
1662543199000,88,4.0
1662543201000,91,3.0
1662543211000,88,-3.0
1662543226000,85,-3.0
1662543248000,89,4.0
1662543251000,93,4.0
1662543252000,96,3.0
1662543255000,93,-3.0
1662543261000,87,-6.0
1662543263000,84,-3.0
1662543266000,80,-4.0
1662543270000,76,-4.0
1662543274000,73,-3.0
1662543295000,70,-3.0
1662543310000,67,-3.0
1662543314000,70,3.0
1662543316000,77,7.0
1662543320000,73,-4.0
1662543324000,70,-3.0
1662543333000,73,3.0
1662543334000,80,7.0
1662543335000,80,0.0
1662543338000,89,9.0
1662543340000,92,3.0
1662543343000,95,3.0
1662543347000,91,-4.0
1662543349000,85,-6.0
1662543351000,82,-3.0
1662543354000,86,4.0
1662543356000,90,4.0
1662543368000,96,6.0
1662543371000,92,-4.0
1662543374000,88,-4.0
1662543375000,85,-3.0
1662543378000,78,-7.0
1662543381000,81,3.0
1662543382000,86,5.0
1662543384000,90,4.0
1662543392000,87,-3.0
1662543394000,84,-3.0
1662543399000,88,4.0
1662543404000,85,-3.0
1662543408000,88,3.0
1662543410000,91,3.0
1662543417000,88,-3.0
1662543420000,91,3.0
1662543422000,94,3.0
1662543425000,90,-4.0
1662543437000,87,-3.0
1662543449000,83,-4.0
1662543450000,79,-4.0
1662543452000,76,-3.0
1662543457000,83,7.0
1662543459000,86,3.0
1662543472000,83,-3.0
1662543473000,79,-4.0
1662543474000,75,-4.0
1662543475000,72,-3.0
1662543482000,69,-3.0
1662543502000,72,3.0
1662543509000,69,-3.0
1662543514000,66,-3.0
1662543523000,75,9.0
1662543524000,78,3.0
1662543540000,74,-4.0
1662543557000,71,-3.0
1662543563000,74,3.0
1662543565000,71,-3.0
1662543567000,68,-3.0
1662543585000,72,4.0
1662543590000,75,3.0
1662543645000,78,3.0
1662543650000,74,-4.0
1662543652000,77,3.0
1662543657000,80,3.0
1662543662000,77,-3.0
1662543664000,73,-4.0
1662543666000,70,-3.0
1662543681000,73,3.0
1662543689000,70,-3.0
1662543720000,73,3.0
1662543726000,76,3.0
1662543730000,73,-3.0
1662543734000,78,5.0
1662543736000,82,4.0
1662543740000,78,-4.0
1662543749000,75,-3.0
1662543763000,72,-3.0
1662543775000,75,3.0
1662543792000,72,-3.0
1662543802000,75,3.0
1662543804000,82,7.0
1662543805000,82,0.0
1662543808000,79,-3.0
1662543811000,75,-4.0
1662543831000,78,3.0
1662543839000,75,-3.0
1662543848000,78,3.0
1662543851000,81,3.0
1662543852000,86,5.0
1662543854000,91,5.0
1662543855000,91,0.0
1662543861000,88,-3.0
1662543862000,85,-3.0
1662543863000,78,-7.0
1662543864000,74,-4.0
1662543865000,71,-3.0
1662543867000,66,-5.0
1662543872000,70,4.0
1662543913000,73,3.0
1662543916000,79,6.0
1662543920000,76,-3.0
1662543928000,73,-3.0
1662543929000,70,-3.0
1662543937000,73,3.0
1662543944000,81,8.0
1662543945000,84,3.0
1662543947000,78,-6.0
1662543953000,81,3.0
1662543956000,84,3.0
1662543958000,80,-4.0
1662543960000,74,-6.0
1662543961000,71,-3.0
1662543962000,68,-3.0
1662543964000,65,-3.0
1662543970000,68,3.0
1662544002000,71,3.0
1662544015000,75,4.0
1662544024000,72,-3.0
1662544088000,75,3.0
1662544091000,79,4.0
1662544096000,75,-4.0
1662544099000,72,-3.0
1662544136000,75,3.0
1662544139000,81,6.0
1662544141000,84,3.0
1662544142000,80,-4.0
1662544143000,77,-3.0
1662544145000,72,-5.0
1662544153000,68,-4.0
1662544164000,71,3.0
1662544170000,74,3.0
1662544176000,71,-3.0
1662544178000,74,3.0
1662544205000,71,-3.0
1662544207000,67,-4.0
1662544212000,70,3.0
1662544221000,74,4.0
1662544223000,77,3.0
1662544227000,81,4.0
1662544228000,84,3.0
1662544230000,89,5.0
1662544236000,86,-3.0
1662544238000,82,-4.0
1662544251000,86,4.0
1662544272000,89,3.0
1662544286000,71,-18.0
1662544287000,71,0.0
1662544302000,71,0.0
