timestamp,heart_rate,RR_intervals
1662726929000,106,
1662726930000,109,3.0
1662726933000,104,-5.0
1662726934000,98,-6.0
1662726935000,94,-4.0
1662726936000,91,-3.0
1662726938000,98,7.0
1662726940000,105,7.0
1662726944000,101,-4.0
1662726947000,105,4.0
1662726949000,110,5.0
1662726958000,114,4.0
1662726962000,120,6.0
1662726964000,116,-4.0
1662726965000,111,-5.0
1662726966000,106,-5.0
1662726970000,110,4.0
1662726971000,113,3.0
1662726972000,113,0.0
1662726973000,110,-3.0
1662726975000,107,-3.0
1662726976000,104,-3.0
1662726980000,109,5.0
1662726984000,101,-8.0
1662726985000,101,0.0
1662726988000,105,4.0
1662726990000,108,3.0
1662726991000,111,3.0
1662727000000,114,3.0
1662727003000,111,-3.0
1662727004000,108,-3.0
1662727005000,104,-4.0
1662727007000,97,-7.0
1662727009000,94,-3.0
1662727010000,98,4.0
1662727011000,102,4.0
1662727012000,107,5.0
1662727014000,110,3.0
1662727016000,106,-4.0
1662727017000,100,-6.0
1662727021000,106,6.0
1662727025000,109,3.0
1662727026000,114,5.0
1662727027000,118,4.0
1662727028000,117,-1.0
1662727029000,113,-4.0
1662727033000,116,3.0
1662727052000,113,-3.0
1662727055000,116,3.0
1662727059000,113,-3.0
1662727062000,116,3.0
1662727069000,120,4.0
1662727070000,123,3.0
1662727074000,119,-4.0
1662727082000,114,-5.0
1662727086000,111,-3.0
1662727089000,115,4.0
1662727091000,119,4.0
1662727093000,114,-5.0
1662727096000,117,3.0
1662727107000,113,-4.0
1662727109000,110,-3.0
1662727114000,107,-3.0
1662727116000,102,-5.0
1662727117000,107,5.0
1662727121000,104,-3.0
1662727123000,108,4.0
1662727127000,113,5.0
1662727129000,108,-5.0
1662727130000,111,3.0
1662727133000,108,-3.0
1662727136000,112,4.0
1662727137000,115,3.0
1662727139000,107,-8.0
1662727140000,103,-4.0
1662727143000,108,5.0
1662727144000,108,0.0
1662727146000,111,3.0
1662727149000,107,-4.0
1662727150000,104,-3.0
1662727151000,104,0.0
1662727156000,108,4.0
1662727158000,104,-4.0
1662727159000,101,-3.0
1662727160000,101,0.0
1662727165000,106,5.0
1662727170000,103,-3.0
1662727174000,106,3.0
1662727179000,110,4.0
1662727180000,113,3.0
1662727184000,110,-3.0
1662727185000,109,-1.0
1662727186000,112,3.0
1662727188000,117,5.0
1662727189000,120,3.0
1662727190000,117,-3.0
1662727192000,111,-6.0
1662727193000,107,-4.0
1662727194000,107,0.0
1662727195000,110,3.0
1662727196000,113,3.0
1662727203000,116,3.0
1662727204000,116,0.0
1662727207000,113,-3.0
1662727210000,116,3.0
1662727219000,111,-5.0
1662727221000,108,-3.0
1662727224000,111,3.0
1662727226000,108,-3.0
1662727227000,104,-4.0
1662727229000,107,3.0
1662727230000,111,4.0
1662727231000,111,0.0
1662727238000,108,-3.0
1662727240000,111,3.0
1662727245000,108,-3.0
1662727251000,104,-4.0
1662727253000,101,-3.0
1662727258000,105,4.0
1662727261000,108,3.0
1662727263000,103,-5.0
1662727264000,100,-3.0
1662727265000,94,-6.0
1662727267000,90,-4.0
1662727269000,97,7.0
1662727271000,101,4.0
1662727277000,98,-3.0
1662727278000,93,-5.0
1662727281000,97,4.0
1662727282000,103,6.0
1662727283000,106,3.0
1662727290000,110,4.0
1662727291000,109,-1.0
1662727292000,104,-5.0
1662727293000,100,-4.0
1662727295000,104,4.0
1662727296000,107,3.0
1662727297000,110,3.0
1662727299000,104,-6.0
1662727300000,100,-4.0
1662727301000,100,0.0
1662727305000,96,-4.0
1662727310000,100,4.0
1662727311000,100,0.0
1662727314000,97,-3.0
1662727316000,94,-3.0
1662727321000,98,4.0
1662727323000,105,7.0
1662727324000,105,0.0
1662727329000,109,4.0
1662727331000,105,-4.0
1662727332000,99,-6.0
1662727334000,95,-4.0
1662727335000,98,3.0
1662727336000,101,3.0
1662727337000,104,3.0
1662727339000,107,3.0
1662727347000,103,-4.0
1662727350000,107,4.0
1662727352000,112,5.0
1662727355000,108,-4.0
1662727356000,101,-7.0
1662727357000,98,-3.0
1662727358000,95,-3.0
1662727359000,98,3.0
1662727360000,101,3.0
1662727362000,105,4.0
1662727363000,108,3.0
1662727364000,108,0.0
1662727374000,105,-3.0
1662727392000,110,5.0
1662727393000,114,4.0
1662727394000,114,0.0
1662727397000,110,-4.0
1662727398000,107,-3.0
1662727400000,110,3.0
1662727402000,113,3.0
1662727404000,110,-3.0
1662727405000,106,-4.0
1662727409000,112,6.0
1662727411000,115,3.0
1662727414000,112,-3.0
1662727415000,107,-5.0
1662727421000,110,3.0
1662727424000,105,-5.0
1662727434000,101,-4.0
1662727441000,98,-3.0
1662727445000,102,4.0
1662727457000,105,3.0
1662727461000,102,-3.0
1662727463000,105,3.0
1662727467000,102,-3.0
1662727473000,98,-4.0
1662727475000,101,3.0
1662727477000,104,3.0
1662727482000,101,-3.0
1662727485000,107,6.0
1662727493000,103,-4.0
1662727496000,98,-5.0
1662727498000,91,-7.0
1662727499000,88,-3.0
1662727500000,88,0.0
1662727501000,91,3.0
1662727502000,94,3.0
1662727507000,90,-4.0
1662727509000,86,-4.0
1662727516000,89,3.0
1662727517000,93,4.0
1662727518000,96,3.0
1662727519000,96,0.0
1662727521000,91,-5.0
1662727524000,94,3.0
1662727527000,91,-3.0
1662727529000,88,-3.0
1662727530000,91,3.0
1662727533000,95,4.0
1662727535000,99,4.0
1662727536000,102,3.0
1662727537000,102,0.0
1662727548000,98,-4.0
1662727549000,91,-7.0
1662727551000,88,-3.0
1662727552000,85,-3.0
1662727553000,85,0.0
1662727558000,89,4.0
1662727562000,86,-3.0
1662727567000,89,3.0
1662727568000,95,6.0
1662727569000,95,0.0
1662727572000,100,5.0
1662727579000,105,5.0
1662727582000,97,-8.0
1662727583000,94,-3.0
1662727585000,97,3.0
1662727588000,103,6.0
1662727589000,106,3.0
1662727591000,102,-4.0
1662727596000,102,0.0
1662727606000,105,3.0
1662727609000,108,3.0
1662727611000,111,3.0
1662727614000,108,-3.0
1662727615000,104,-4.0
1662727616000,98,-6.0
1662727617000,102,4.0
1662727619000,105,3.0
1662727620000,108,3.0
1662727627000,105,-3.0
1662727629000,108,3.0
1662727632000,105,-3.0
1662727640000,100,-5.0
1662727641000,100,0.0
1662727643000,103,3.0
1662727645000,106,3.0
1662727655000,112,6.0
1662727661000,109,-3.0
1662727663000,105,-4.0
1662727664000,108,3.0
1662727666000,111,3.0
1662727675000,108,-3.0
1662727682000,105,-3.0
1662727690000,101,-4.0
1662727692000,96,-5.0
1662727693000,96,0.0
1662727695000,103,7.0
1662727699000,98,-5.0
1662727700000,95,-3.0
1662727702000,91,-4.0
1662727704000,96,5.0
1662727705000,99,3.0
1662727708000,95,-4.0
1662727710000,92,-3.0
1662727712000,95,3.0
1662727713000,100,5.0
1662727714000,105,5.0
1662727715000,111,6.0
1662727717000,115,4.0
1662727718000,112,-3.0
1662727723000,115,3.0
1662727729000,112,-3.0
1662727732000,109,-3.0
1662727742000,104,-5.0
1662727753000,99,-5.0
1662727761000,96,-3.0
1662727763000,93,-3.0
1662727764000,89,-4.0
1662727765000,89,0.0
1662727774000,93,4.0
1662727775000,97,4.0
1662727778000,94,-3.0
1662727779000,91,-3.0
1662727780000,85,-6.0
1662727783000,88,3.0
1662727788000,84,-4.0
1662727789000,87,3.0
1662727794000,90,3.0
1662727797000,86,-4.0
1662727798000,81,-5.0
1662727801000,85,4.0
1662727810000,88,3.0
1662727820000,94,6.0
1662727822000,100,6.0
1662727823000,103,3.0
1662727824000,103,0.0
1662727828000,100,-3.0
1662727829000,95,-5.0
1662727835000,98,3.0
1662727838000,92,-6.0
1662727839000,93,1.0
1662727840000,96,3.0
1662727841000,99,3.0
1662727843000,104,5.0
1662727845000,99,-5.0
1662727846000,96,-3.0
1662727849000,100,4.0
1662727851000,103,3.0
1662727862000,107,4.0
1662727864000,102,-5.0
1662727869000,105,3.0
1662727873000,102,-3.0
1662727881000,97,-5.0
1662727884000,103,6.0
1662727885000,106,3.0
1662727892000,110,4.0
1662727896000,106,-4.0
1662727897000,103,-3.0
1662727898000,98,-5.0
1662727899000,98,0.0
1662727903000,101,3.0
1662727908000,98,-3.0
1662727911000,101,3.0
1662727913000,104,3.0
1662727915000,101,-3.0
1662727918000,105,4.0
1662727919000,108,3.0
1662727931000,104,-4.0
1662727937000,107,3.0
1662727940000,102,-5.0
1662727944000,105,3.0
1662727946000,101,-4.0
1662727947000,98,-3.0
1662727948000,95,-3.0
1662727950000,91,-4.0
1662727952000,88,-3.0
1662727961000,91,3.0
1662727965000,86,-5.0
1662727973000,82,-4.0
1662727977000,85,3.0
1662727979000,89,4.0
1662727982000,84,-5.0
1662727985000,87,3.0
1662727993000,84,-3.0
1662728003000,87,3.0
1662728006000,90,3.0
1662728007000,93,3.0
1662728010000,98,5.0
1662728011000,101,3.0
1662728015000,97,-4.0
1662728020000,94,-3.0
1662728021000,91,-3.0
1662728022000,91,0.0
1662728028000,87,-4.0
1662728030000,84,-3.0
1662728034000,87,3.0
1662728038000,90,3.0
1662728041000,93,3.0
1662728044000,96,3.0
1662728046000,93,-3.0
1662728066000,90,-3.0
1662728072000,93,3.0
1662728073000,96,3.0
1662728079000,93,-3.0
1662728080000,96,3.0
1662728085000,93,-3.0
1662728088000,96,3.0
1662728090000,99,3.0
1662728092000,94,-5.0
1662728094000,97,3.0
1662728097000,93,-4.0
1662728110000,96,3.0
1662728128000,93,-3.0
1662728133000,97,4.0
1662728135000,102,5.0
1662728136000,102,0.0
1662728142000,99,-3.0
1662728145000,96,-3.0
1662728146000,93,-3.0
1662728157000,96,3.0
1662728158000,100,4.0
1662728159000,96,-4.0
1662728160000,93,-3.0
1662728161000,90,-3.0
1662728166000,94,4.0
1662728169000,91,-3.0
1662728175000,94,3.0
1662728176000,94,0.0
1662728178000,97,3.0
1662728180000,93,-4.0
1662728181000,90,-3.0
1662728184000,93,3.0
1662728188000,88,-5.0
1662728190000,85,-3.0
1662728193000,88,3.0
1662728195000,91,3.0
1662728197000,95,4.0
1662728200000,91,-4.0
1662728203000,94,3.0
1662728213000,97,3.0
1662728214000,101,4.0
1662728218000,97,-4.0
1662728220000,91,-6.0
1662728227000,88,-3.0
1662728232000,92,4.0
1662728238000,89,-3.0
1662728242000,94,5.0
1662728254000,91,-3.0
1662728268000,88,-3.0
1662728274000,91,3.0
1662728289000,88,-3.0
1662728299000,91,3.0
1662728301000,94,3.0
1662728306000,98,4.0
1662728307000,101,3.0
1662728309000,96,-5.0
1662728313000,91,-5.0
1662728329000,95,4.0
1662728335000,92,-3.0
1662728338000,95,3.0
1662728340000,98,3.0
1662728342000,94,-4.0
1662728344000,91,-3.0
1662728346000,87,-4.0
1662728348000,92,5.0
1662728358000,95,3.0
1662728361000,92,-3.0
1662728364000,89,-3.0
1662728367000,92,3.0
1662728369000,88,-4.0
1662728373000,91,3.0
1662728375000,98,7.0
1662728376000,101,3.0
1662728378000,95,-6.0
1662728379000,92,-3.0
1662728380000,89,-3.0
1662728381000,94,5.0
1662728383000,97,3.0
1662728386000,94,-3.0
1662728388000,90,-4.0
1662728398000,87,-3.0
1662728416000,90,3.0
1662728419000,86,-4.0
1662728423000,89,3.0
1662728430000,93,4.0
1662728440000,90,-3.0
1662728444000,93,3.0
1662728446000,90,-3.0
1662728447000,84,-6.0
1662728448000,81,-3.0
1662728452000,84,3.0
1662728455000,88,4.0
1662728462000,92,4.0
1662728463000,98,6.0
1662728464000,98,0.0
1662728465000,94,-4.0
1662728466000,89,-5.0
1662728467000,89,0.0
1662728468000,85,-4.0
1662728470000,82,-3.0
1662728473000,79,-3.0
1662728477000,86,7.0
1662728478000,89,3.0
1662728480000,86,-3.0
1662728482000,89,3.0
1662728484000,92,3.0
1662728509000,96,4.0
1662728513000,93,-3.0
1662728524000,96,3.0
1662728528000,99,3.0
1662728530000,96,-3.0
1662728533000,93,-3.0
1662728539000,96,3.0
1662728542000,99,3.0
1662728549000,96,-3.0
1662728552000,92,-4.0
1662728560000,88,-4.0
1662728568000,91,3.0
1662728578000,94,3.0
1662728587000,90,-4.0
1662728591000,94,4.0
1662728595000,91,-3.0
1662728600000,96,5.0
1662728604000,93,-3.0
1662728605000,90,-3.0
1662728609000,94,4.0
1662728614000,90,-4.0
1662728621000,87,-3.0
1662728633000,84,-3.0
1662728636000,91,7.0
1662728638000,94,3.0
1662728640000,97,3.0
1662728642000,90,-7.0
1662728644000,84,-6.0
1662728648000,87,3.0
1662728650000,90,3.0
1662728651000,87,-3.0
1662728652000,83,-4.0
1662728656000,79,-4.0
1662728657000,76,-3.0
1662728660000,82,6.0
1662728665000,79,-3.0
1662728672000,83,4.0
1662728674000,80,-3.0
1662728682000,84,4.0
1662728685000,87,3.0
1662728687000,92,5.0
1662728690000,96,4.0
1662728701000,92,-4.0
1662728740000,95,3.0
1662728743000,93,-2.0
