timestamp,heart_rate,RR_intervals
1662371244000,81,
1662371245000,81,0.0
1662371247000,78,-3.0
1662371250000,82,4.0
1662371254000,86,4.0
1662371257000,83,-3.0
1662371259000,80,-3.0
1662371273000,83,3.0
1662371274000,86,3.0
1662371276000,90,4.0
1662371278000,93,3.0
1662371281000,89,-4.0
1662371282000,85,-4.0
1662371284000,80,-5.0
1662371288000,77,-3.0
1662371295000,81,4.0
1662371296000,81,0.0
1662371298000,76,-5.0
1662371303000,79,3.0
1662371308000,83,4.0
1662371310000,86,3.0
1662371314000,89,3.0
1662371316000,85,-4.0
1662371324000,81,-4.0
1662371328000,77,-4.0
1662371331000,80,3.0
1662371333000,84,4.0
1662371334000,88,4.0
1662371335000,88,0.0
1662371340000,84,-4.0
1662371341000,81,-3.0
1662371343000,78,-3.0
1662371346000,81,3.0
1662371348000,86,5.0
1662371353000,90,4.0
1662371364000,87,-3.0
1662371366000,84,-3.0
1662371371000,88,4.0
1662371372000,91,3.0
1662371374000,94,3.0
1662371377000,91,-3.0
1662371379000,88,-3.0
1662371384000,92,4.0
1662371386000,96,4.0
1662371387000,100,4.0
1662371394000,103,3.0
1662371397000,100,-3.0
1662371399000,97,-3.0
1662371400000,94,-3.0
1662371403000,86,-8.0
1662371414000,83,-3.0
1662371418000,86,3.0
1662371430000,90,4.0
1662371432000,93,3.0
1662371434000,90,-3.0
1662371438000,87,-3.0
1662371442000,84,-3.0
1662371450000,81,-3.0
1662371453000,85,4.0
1662371455000,90,5.0
1662371456000,90,0.0
1662371464000,87,-3.0
1662371470000,91,4.0
1662371478000,85,-6.0
1662371484000,88,3.0
1662371486000,92,4.0
1662371488000,89,-3.0
1662371489000,83,-6.0
1662371491000,79,-4.0
1662371493000,83,4.0
1662371495000,88,5.0
1662371505000,84,-4.0
1662371515000,87,3.0
1662371521000,90,3.0
1662371524000,93,3.0
1662371530000,89,-4.0
1662371533000,86,-3.0
1662371544000,83,-3.0
1662371549000,86,3.0
1662371562000,89,3.0
1662371563000,86,-3.0
1662371564000,83,-3.0
1662371566000,78,-5.0
1662371567000,75,-3.0
1662371569000,78,3.0
1662371570000,84,6.0
1662371573000,88,4.0
1662371575000,91,3.0
1662371582000,94,3.0
1662371584000,90,-4.0
1662371586000,86,-4.0
1662371587000,82,-4.0
1662371589000,78,-4.0
1662371592000,82,4.0
1662371593000,86,4.0
1662371595000,93,7.0
1662371598000,89,-4.0
1662371599000,86,-3.0
1662371601000,81,-5.0
1662371603000,84,3.0
1662371605000,87,3.0
1662371607000,90,3.0
1662371612000,85,-5.0
1662371614000,81,-4.0
1662371615000,77,-4.0
1662371616000,74,-3.0
1662371617000,74,0.0
1662371619000,80,6.0
1662371621000,83,3.0
1662371622000,86,3.0
1662371627000,83,-3.0
1662371630000,86,3.0
1662371632000,89,3.0
1662371637000,85,-4.0
1662371644000,89,4.0
1662371645000,92,3.0
1662371648000,88,-4.0
1662371650000,81,-7.0
1662371651000,78,-3.0
1662371654000,81,3.0
1662371656000,89,8.0
1662371657000,92,3.0
1662371658000,95,3.0
1662371661000,91,-4.0
1662371662000,88,-3.0
1662371663000,85,-3.0
1662371664000,81,-4.0
1662371666000,78,-3.0
1662371668000,82,4.0
1662371670000,85,3.0
1662371671000,90,5.0
1662371674000,93,3.0
1662371676000,90,-3.0
1662371686000,84,-6.0
1662371688000,79,-5.0
1662371689000,76,-3.0
1662371695000,80,4.0
1662371698000,83,3.0
1662371702000,86,3.0
1662371703000,91,5.0
1662371706000,88,-3.0
1662371708000,82,-6.0
1662371713000,85,3.0
1662371716000,88,3.0
1662371720000,84,-4.0
1662371722000,81,-3.0
1662371733000,84,3.0
1662371735000,87,3.0
1662371745000,83,-4.0
1662371752000,86,3.0
1662371754000,83,-3.0
1662371763000,80,-3.0
1662371766000,83,3.0
1662371774000,86,3.0
1662371782000,89,3.0
1662371784000,92,3.0
1662371786000,98,6.0
1662371788000,103,5.0
1662371789000,103,0.0
1662371791000,106,3.0
1662371796000,102,-4.0
1662371800000,105,3.0
1662371805000,101,-4.0
1662371806000,97,-4.0
1662371808000,93,-4.0
1662371810000,87,-6.0
1662371812000,84,-3.0
1662371813000,80,-4.0
1662371815000,77,-3.0
1662371820000,74,-3.0
1662371825000,77,3.0
1662371835000,73,-4.0
1662371845000,68,-5.0
1662371850000,71,3.0
1662371851000,74,3.0
1662371854000,71,-3.0
1662371860000,74,3.0
1662371866000,71,-3.0
1662371872000,75,4.0
1662371874000,80,5.0
1662371876000,84,4.0
1662371878000,91,7.0
1662371879000,94,3.0
1662371886000,97,3.0
1662371891000,94,-3.0
1662371892000,91,-3.0
1662371893000,87,-4.0
1662371896000,81,-6.0
1662371898000,77,-4.0
1662371900000,80,3.0
1662371902000,84,4.0
1662371905000,81,-3.0
1662371906000,78,-3.0
1662371910000,81,3.0
1662371912000,86,5.0
1662371914000,83,-3.0
1662371922000,88,5.0
1662371924000,93,5.0
1662371929000,89,-4.0
1662371930000,89,0.0
1662371937000,85,-4.0
1662371938000,81,-4.0
1662371939000,78,-3.0
1662371944000,81,3.0
1662371945000,84,3.0
1662371965000,81,-3.0
1662371968000,78,-3.0
1662371971000,81,3.0
1662371974000,84,3.0
1662371982000,87,3.0
1662371984000,91,4.0
1662371985000,96,5.0
1662371988000,93,-3.0
1662371990000,89,-4.0
1662371992000,86,-3.0
1662371996000,89,3.0
1662371997000,92,3.0
1662372001000,89,-3.0
1662372003000,85,-4.0
1662372004000,82,-3.0
1662372005000,82,0.0
1662372008000,88,6.0
1662372010000,91,3.0
1662372015000,87,-4.0
1662372016000,84,-3.0
1662372017000,80,-4.0
1662372018000,81,1.0
1662372021000,85,4.0
1662372023000,89,4.0
1662372026000,92,3.0
1662372028000,97,5.0
1662372030000,101,4.0
1662372039000,98,-3.0
1662372041000,92,-6.0
1662372042000,89,-3.0
1662372045000,92,3.0
1662372068000,88,-4.0
1662372071000,84,-4.0
1662372072000,79,-5.0
1662372073000,76,-3.0
1662372074000,73,-3.0
1662372081000,78,5.0
1662372083000,82,4.0
1662372086000,76,-6.0
1662372087000,73,-3.0
1662372088000,73,0.0
1662372090000,76,3.0
1662372092000,79,3.0
1662372094000,75,-4.0
1662372095000,72,-3.0
1662372096000,67,-5.0
1662372098000,64,-3.0
1662372101000,67,3.0
1662372103000,72,5.0
1662372104000,72,0.0
1662372107000,75,3.0
1662372108000,79,4.0
1662372109000,83,4.0
1662372110000,86,3.0
1662372112000,90,4.0
1662372114000,94,4.0
1662372116000,101,7.0
1662372119000,98,-3.0
1662372121000,93,-5.0
1662372123000,87,-6.0
1662372125000,81,-6.0
1662372127000,73,-8.0
1662372131000,78,5.0
1662372136000,78,0.0
1662372139000,83,5.0
1662372141000,86,3.0
1662372150000,89,3.0
1662372153000,92,3.0
1662372162000,96,4.0
1662372165000,93,-3.0
1662372168000,90,-3.0
1662372173000,86,-4.0
1662372174000,86,0.0
1662372175000,89,3.0
1662372177000,95,6.0
1662372187000,92,-3.0
1662372191000,88,-4.0
1662372192000,84,-4.0
1662372193000,81,-3.0
1662372195000,77,-4.0
1662372199000,80,3.0
1662372201000,83,3.0
1662372202000,86,3.0
1662372209000,83,-3.0
1662372215000,80,-3.0
1662372217000,77,-3.0
1662372227000,80,3.0
1662372230000,84,4.0
1662372238000,87,3.0
1662372241000,90,3.0
1662372243000,94,4.0
1662372245000,97,3.0
1662372247000,100,3.0
1662372248000,104,4.0
1662372249000,104,0.0
1662372250000,100,-4.0
1662372253000,97,-3.0
1662372257000,94,-3.0
1662372258000,89,-5.0
1662372260000,85,-4.0
1662372261000,82,-3.0
1662372262000,78,-4.0
1662372263000,75,-3.0
1662372265000,69,-6.0
1662372268000,72,3.0
1662372270000,69,-3.0
1662372273000,73,4.0
1662372276000,77,4.0
1662372282000,74,-3.0
1662372287000,77,3.0
1662372289000,72,-5.0
1662372290000,72,0.0
1662372294000,75,3.0
1662372310000,78,3.0
1662372311000,82,4.0
1662372313000,88,6.0
1662372314000,88,0.0
1662372315000,85,-3.0
1662372318000,82,-3.0
1662372319000,78,-4.0
1662372321000,75,-3.0
1662372324000,72,-3.0
1662372327000,76,4.0
1662372346000,73,-3.0
1662372348000,76,3.0
1662372352000,80,4.0
1662372355000,77,-3.0
1662372357000,82,5.0
1662372362000,85,3.0
1662372368000,81,-4.0
1662372372000,78,-3.0
1662372374000,82,4.0
1662372379000,77,-5.0
1662372383000,80,3.0
1662372386000,84,4.0
1662372389000,81,-3.0
1662372391000,78,-3.0
1662372407000,81,3.0
1662372411000,84,3.0
1662372427000,80,-4.0
1662372429000,77,-3.0
1662372432000,80,3.0
1662372446000,84,4.0
1662372452000,81,-3.0
1662372457000,78,-3.0
1662372463000,83,5.0
1662372481000,88,5.0
1662372483000,92,4.0
1662372485000,87,-5.0
1662372487000,83,-4.0
1662372489000,86,3.0
1662372494000,83,-3.0
1662372495000,77,-6.0
1662372498000,74,-3.0
1662372503000,77,3.0
1662372507000,72,-5.0
1662372509000,68,-4.0
1662372511000,71,3.0
1662372515000,76,5.0
1662372518000,72,-4.0
1662372519000,72,0.0
1662372531000,68,-4.0
1662372533000,71,3.0
1662372534000,74,3.0
1662372536000,77,3.0
1662372540000,73,-4.0
1662372544000,77,4.0
1662372546000,73,-4.0
1662372547000,70,-3.0
1662372548000,70,0.0
1662372553000,73,3.0
1662372557000,76,3.0
1662372562000,72,-4.0
1662372582000,75,3.0
1662372593000,78,3.0
1662372600000,81,3.0
1662372604000,76,-5.0
1662372606000,73,-3.0
1662372608000,70,-3.0
1662372612000,73,3.0
1662372615000,77,4.0
1662372620000,74,-3.0
1662372622000,71,-3.0
1662372626000,75,4.0
1662372628000,78,3.0
1662372631000,73,-5.0
1662372633000,70,-3.0
1662372636000,74,4.0
1662372639000,77,3.0
1662372643000,72,-5.0
1662372644000,69,-3.0
1662372648000,72,3.0
1662372671000,75,3.0
1662372675000,78,3.0
1662372677000,75,-3.0
1662372678000,72,-3.0
1662372685000,75,3.0
1662372708000,80,5.0
1662372709000,80,0.0
1662372717000,84,4.0
1662372722000,81,-3.0
1662372724000,78,-3.0
1662372728000,75,-3.0
1662372729000,72,-3.0
1662372731000,69,-3.0
1662372737000,73,4.0
1662372746000,70,-3.0
1662372748000,73,3.0
1662372753000,77,4.0
1662372755000,80,3.0
1662372757000,77,-3.0
1662372758000,71,-6.0
1662372768000,68,-3.0
1662372772000,71,3.0
1662372777000,74,3.0
1662372784000,71,-3.0
1662372790000,75,4.0
1662372807000,71,-4.0
1662372809000,68,-3.0
1662372812000,71,3.0
1662372813000,74,3.0
1662372839000,71,-3.0
1662372846000,74,3.0
1662372854000,77,3.0
1662372857000,74,-3.0
1662372861000,78,4.0
1662372865000,82,4.0
1662372872000,77,-5.0
1662372877000,74,-3.0
1662372879000,77,3.0
1662372883000,80,3.0
1662372887000,76,-4.0
1662372894000,71,-5.0
1662372898000,74,3.0
1662372901000,77,3.0
1662372906000,74,-3.0
1662372911000,77,3.0
1662372913000,80,3.0
1662372915000,84,4.0
1662372921000,90,6.0
1662372922000,90,0.0
1662372987000,89,-1.0
